BAO CAO XAC SUAT - THONG KE MO TA TONG HOP
Ngay chay he thong: 2026-06-13

BANG 1. TONG QUAN DU LIEU
+---------------------+-------------+
| chi_so              | gia_tri     |
+---------------------+-------------+
| So dong da lam sach | 22,116      |
| So hang xe          | 76          |
| So loai hop so      | 2           |
| So nguon du lieu    | 3           |
| Nam cu nhat         | 1,990       |
| Nam moi nhat        | 2,026       |
| Gia Q75             | 770,000,000 |
| Mileage Q75         | 97,000      |
+---------------------+-------------+

BANG 2. THONG KE MO TA TONG QUAT
+---------+----------+----------------+-------------+------------+----------------+------------------------------+------------------+
| bien    | so_luong | trung_binh     | trung_vi    | nho_nhat   | lon_nhat       | phuong_sai                   | do_lech_chuan    |
+---------+----------+----------------+-------------+------------+----------------+------------------------------+------------------+
| price   | 22,116   | 788,297,239.06 | 499,000,000 | 50,000,000 | 15,000,000,000 | 1,250,173,126,642,192,384.00 | 1,118,111,410.66 |
| mileage | 22,116   | 73,919.89      | 61,844      | 0          | 1,000,000      | 6,713,597,146.33             | 81,936.54        |
| year    | 22,116   | 2,018.41       | 2,020       | 1,990      | 2,026          | 29.59                        | 5.44             |
| age     | 22,116   | 7.59           | 6           | 0          | 36             | 29.59                        | 5.44             |
+---------+----------+----------------+-------------+------------+----------------+------------------------------+------------------+

BANG 3. THONG KE GIA THEO HANG XE - TOP 30
+---------------+----------+---------------+---------------+-------------+----------------+----------------------------+---------------+
| brand         | so_luong | trung_binh    | trung_vi      | nho_nhat    | lon_nhat       | phuong_sai                 | do_lech_chuan |
+---------------+----------+---------------+---------------+-------------+----------------+----------------------------+---------------+
| TOYOTA        | 4,318    | 676,122,212   | 459,000,000   | 50,000,000  | 7,890,000,000  | 761,540,694,388,711,936    | 872,662,990   |
| FORD          | 2,713    | 630,771,655   | 580,000,000   | 50,000,000  | 5,799,000,000  | 171,570,268,858,977,728    | 414,210,416   |
| KIA           | 2,151    | 525,559,204   | 450,000,000   | 50,000,000  | 1,950,000,000  | 128,031,855,224,645,456    | 357,815,393   |
| HYUNDAI       | 2,136    | 495,977,749   | 430,000,000   | 52,000,000  | 1,590,000,000  | 73,684,661,455,122,240     | 271,449,188   |
| MITSUBISHI    | 1,559    | 448,980,298   | 470,000,000   | 50,000,000  | 4,800,000,000  | 41,017,698,727,332,944     | 202,528,266   |
| MERCEDES BENZ | 1,414    | 1,445,514,404 | 1,045,000,000 | 68,000,000  | 9,800,000,000  | 1,828,297,485,568,390,656  | 1,352,145,512 |
| MAZDA         | 1,283    | 518,167,893   | 515,000,000   | 50,000,000  | 2,500,000,000  | 33,827,598,749,023,260     | 183,922,806   |
| VINFAST       | 1,191    | 512,842,819   | 530,000,000   | 50,000,000  | 2,820,000,000  | 59,790,278,901,898,928     | 244,520,508   |
| HONDA         | 931      | 517,073,900   | 479,000,000   | 60,000,000  | 2,500,000,000  | 59,377,479,826,711,824     | 243,674,947   |
| CHEVROLET     | 602      | 238,309,083   | 168,000,000   | 50,000,000  | 3,700,000,000  | 78,184,890,847,534,848     | 279,615,613   |
| LEXUS         | 589      | 3,184,161,290 | 2,379,000,000 | 145,000,000 | 12,666,000,000 | 6,126,506,315,761,537,024  | 2,475,178,037 |
| BMW           | 464      | 1,240,006,492 | 1,039,000,000 | 75,000,000  | 6,960,000,000  | 1,081,410,044,573,460,096  | 1,039,908,671 |
| SUZUKI        | 365      | 363,517,809   | 390,000,000   | 68,000,000  | 789,000,000    | 14,944,453,558,236,416     | 122,247,509   |
| MG            | 333      | 417,456,456   | 415,000,000   | 79,000,000  | 839,000,000    | 10,098,218,732,432,186     | 100,489,894   |
| NISSAN        | 244      | 378,781,808   | 372,500,000   | 59,000,000  | 3,599,000,000  | 62,319,687,958,216,440     | 249,639,115   |
| PEUGEOT       | 237      | 624,704,693   | 595,000,000   | 55,555,555  | 1,255,000,000  | 34,469,715,680,623,880     | 185,660,216   |
| MERCEDES      | 227      | 1,876,629,956 | 1,390,000,000 | 70,000,000  | 12,888,000,000 | 3,925,223,897,859,734,016  | 1,981,217,782 |
| AUDI          | 197      | 939,096,447   | 735,000,000   | 245,000,000 | 3,680,000,000  | 442,262,475,344,452,480    | 665,028,176   |
| PORSCHE       | 173      | 3,098,531,792 | 2,900,000,000 | 290,000,000 | 9,979,000,000  | 3,489,315,959,739,211,776  | 1,867,971,081 |
| LANDROVER     | 125      | 2,576,416,000 | 1,950,000,000 | 165,000,000 | 11,800,000,000 | 6,033,897,825,548,387,328  | 2,456,399,362 |
| VOLKSWAGEN    | 118      | 1,149,447,458 | 1,214,000,000 | 170,000,000 | 2,379,000,000  | 501,633,225,762,712,000    | 708,260,705   |
| DAEWOO        | 96       | 99,135,417    | 95,000,000    | 50,000,000  | 188,000,000    | 1,141,444,627,192,982      | 33,785,272    |
| ISUZU         | 78       | 357,000,000   | 345,000,000   | 65,000,000  | 3,000,000,000  | 121,572,285,714,285,712    | 348,672,175   |
| VOLVO         | 74       | 1,647,162,162 | 1,573,000,000 | 909,000,000 | 2,999,000,000  | 175,725,644,576,082,912    | 419,196,427   |
| LAND ROVER    | 66       | 5,625,606,061 | 5,745,000,000 | 615,000,000 | 13,888,000,000 | 10,428,689,257,808,855,040 | 3,229,348,117 |
| SUBARU        | 50       | 759,600,000   | 655,000,000   | 479,000,000 | 1,698,000,000  | 66,347,714,285,714,288     | 257,580,501   |
| BENTLEY       | 37       | 5,343,918,919 | 3,199,000,000 | 636,000,000 | 13,500,000,000 | 20,941,852,854,354,358,272 | 4,576,226,923 |
| MINI          | 29       | 1,194,241,379 | 999,000,000   | 300,000,000 | 2,579,000,000  | 339,846,261,083,743,872    | 582,963,345   |
| JAGUAR        | 26       | 1,745,615,385 | 759,000,000   | 519,000,000 | 9,000,000,000  | 6,114,617,205,573,497,856  | 2,472,775,203 |
| HÃNG KHÁC  | 24       | 238,541,667   | 214,500,000   | 65,000,000  | 468,000,000    | 11,397,128,623,188,408     | 106,757,335   |
+---------------+----------+---------------+---------------+-------------+----------------+----------------------------+---------------+

BANG 4. THONG KE GIA THEO HOP SO
+--------------+----------+-------------+-------------+------------+----------------+---------------------------+---------------+
| transmission | so_luong | trung_binh  | trung_vi    | nho_nhat   | lon_nhat       | phuong_sai                | do_lech_chuan |
+--------------+----------+-------------+-------------+------------+----------------+---------------------------+---------------+
| Tự động | 18,565   | 885,818,222 | 559,000,000 | 50,000,000 | 15,000,000,000 | 1,422,653,029,657,859,072 | 1,192,750,196 |
| Số sàn    | 3,551    | 278,447,324 | 240,000,000 | 50,000,000 | 3,599,000,000  | 38,821,629,414,339,488    | 197,032,052   |
+--------------+----------+-------------+-------------+------------+----------------+---------------------------+---------------+

BANG 9. XAC SUAT CO BAN
+-----------------------+----------+----------+--------------+
| bien_co               | so_luong | xac_suat | xac_suat_pct |
+-----------------------+----------+----------+--------------+
| P(Tự động)       | 18,565   | 0.84     | 83.94%       |
| P(Số sàn)          | 3,551    | 0.16     | 16.06%       |
| P(CVT)                | 0        | 0.00     | 0%           |
| P(Gia cao >= Q75)     | 5,571    | 0.25     | 25.19%       |
| P(Mileage cao >= Q75) | 5,546    | 0.25     | 25.08%       |
| P(Xe moi 0-3 nam)     | 5,096    | 0.23     | 23.04%       |
| P(Xe tren 12 nam)     | 3,598    | 0.16     | 16.27%       |
+-----------------------+----------+----------+--------------+

BANG 10. P(HOP SO | NHOM TUOI XE)
+-------------+--------------+----------+-----------+----------+--------------+
| age_group   | transmission | so_luong | tong_nhom | xac_suat | xac_suat_pct |
+-------------+--------------+----------+-----------+----------+--------------+
| 0-3 nam     | Tự động | 4,818    | 5,096     | 0.95     | 94.54%       |
| 0-3 nam     | Số sàn    | 278      | 5,096     | 0.05     | 5.46%        |
| 4-7 nam     | Tự động | 7,481    | 8,304     | 0.90     | 90.09%       |
| 4-7 nam     | Số sàn    | 823      | 8,304     | 0.10     | 9.91%        |
| 8-12 nam    | Tự động | 4,020    | 5,118     | 0.79     | 78.55%       |
| 8-12 nam    | Số sàn    | 1,098    | 5,118     | 0.21     | 21.45%       |
| Tren 12 nam | Tự động | 2,246    | 3,598     | 0.62     | 62.42%       |
| Tren 12 nam | Số sàn    | 1,352    | 3,598     | 0.38     | 37.58%       |
+-------------+--------------+----------+-----------+----------+--------------+

BANG 12. P(GIA CAO | HOP SO)
+--------------+---------------+----------+-----------+----------+--------------+
| transmission | is_high_price | so_luong | tong_nhom | xac_suat | xac_suat_pct |
+--------------+---------------+----------+-----------+----------+--------------+
| Số sàn    | FALSE         | 3,486    | 3,551     | 0.98     | 98.17%       |
| Số sàn    | TRUE          | 65       | 3,551     | 0.02     | 1.83%        |
| Tự động | FALSE         | 13,059   | 18,565    | 0.70     | 70.34%       |
| Tự động | TRUE          | 5,506    | 18,565    | 0.30     | 29.66%       |
+--------------+---------------+----------+-----------+----------+--------------+

BANG 14. XAC SUAT KET HOP
+-------------+--------------+----------+------------------+----------------------+
| age_group   | transmission | so_luong | xac_suat_ket_hop | xac_suat_ket_hop_pct |
+-------------+--------------+----------+------------------+----------------------+
| 0-3 nam     | Số sàn    | 278      | 0.01             | 1.26%                |
| 4-7 nam     | Số sàn    | 823      | 0.04             | 3.72%                |
| 8-12 nam    | Số sàn    | 1,098    | 0.05             | 4.96%                |
| Tren 12 nam | Số sàn    | 1,352    | 0.06             | 6.11%                |
| 0-3 nam     | Tự động | 4,818    | 0.22             | 21.79%               |
| 4-7 nam     | Tự động | 7,481    | 0.34             | 33.83%               |
| 8-12 nam    | Tự động | 4,020    | 0.18             | 18.18%               |
| Tren 12 nam | Tự động | 2,246    | 0.10             | 10.16%               |
+-------------+--------------+----------+------------------+----------------------+

BANG 15. BAYES DON GIAN
+----------------------+------------------------+-------------------+----------+--------------+
| cong_thuc            | so_xe_automatic_va_moi | tong_xe_automatic | xac_suat | xac_suat_pct |
+----------------------+------------------------+-------------------+----------+--------------+
| P(0-3 nam | Tự động) | 4,818                  | 18,565            | 0.26     | 25.95%       |
+----------------------+------------------------+-------------------+----------+--------------+

BANG 16. KIEM DINH THONG KE
+------------------------------+----------------+---------+-----------------------------+
| kiem_dinh                    | thong_ke       | p_value | ket_luan                    |
+------------------------------+----------------+---------+-----------------------------+
| T-test: price ~ transmission | t = -64.9071   | 0       | Co khac biet gia trung binh |
| Chi-square: transmission ... | X2 = 2004.4914 | 0       | Co moi lien he thong ke     |
| Pearson correlation: pric... | r = -0.1779    | 0       | Co tuong quan thong ke      |
+------------------------------+----------------+---------+-----------------------------+
