BAO CAO XAC SUAT - THONG KE MO TA TONG HOP
Ngay chay he thong: 2026-06-08

BANG 1. TONG QUAN DU LIEU
+---------------------+---------------+
| chi_so              | gia_tri       |
+---------------------+---------------+
| So dong da lam sach | 4,455         |
| So hang xe          | 44            |
| So loai hop so      | 2             |
| So nguon du lieu    | 1             |
| Nam cu nhat         | 1,990         |
| Nam moi nhat        | 2,026         |
| Gia Q75             | 1,390,000,000 |
| Mileage Q75         | 80,000        |
+---------------------+---------------+

BANG 2. THONG KE MO TA TONG QUAT
+---------+----------+------------------+-------------+------------+----------------+------------------------------+-----------------+
| bien    | so_luong | trung_binh       | trung_vi    | nho_nhat   | lon_nhat       | phuong_sai                   | do_lech_chuan   |
+---------+----------+------------------+-------------+------------+----------------+------------------------------+-----------------+
| price   | 4,455    | 1,261,791,021.32 | 705,000,000 | 28,000,000 | 33,999,000,000 | 2,638,409,140,197,766,656.00 | 1,624,318,053.9 |
| mileage | 4,455    | 55,776.82        | 50,000      | 0          | 480,000        | 2,235,237,243.09             | 47,278.3        |
| year    | 4,455    | 2,019.63         | 2,021       | 1,990      | 2,026          | 20.21                        | 4.5             |
| age     | 4,455    | 6.37             | 5           | 0          | 36             | 20.21                        | 4.5             |
+---------+----------+------------------+-------------+------------+----------------+------------------------------+-----------------+

BANG 3. THONG KE GIA THEO HANG XE - TOP 30
+---------------+----------+----------------+---------------+---------------+----------------+-----------------------------+----------------+
| brand         | so_luong | trung_binh     | trung_vi      | nho_nhat      | lon_nhat       | phuong_sai                  | do_lech_chuan  |
+---------------+----------+----------------+---------------+---------------+----------------+-----------------------------+----------------+
| MERCEDES BENZ | 671      | 1,896,274,218  | 1,399,000,000 | 130,000,000   | 9,679,000,000  | 2,492,992,751,558,155,776   | 1,578,921,389  |
| TOYOTA        | 623      | 1,001,850,722  | 590,000,000   | 95,000,000    | 5,699,000,000  | 1,312,582,252,599,959,808   | 1,145,679,821  |
| HYUNDAI       | 414      | 645,304,348    | 585,000,000   | 96,000,000    | 1,480,000,000  | 82,617,117,801,873,888      | 287,431,936    |
| FORD          | 401      | 718,032,419    | 655,000,000   | 55,000,000    | 1,890,000,000  | 138,668,741,446,384,032     | 372,382,520    |
| KIA           | 400      | 672,082,500    | 560,000,000   | 58,000,000    | 1,950,000,000  | 158,331,534,530,075,200     | 397,908,953    |
| VINFAST       | 335      | 535,038,806    | 575,000,000   | 198,000,000   | 1,320,000,000  | 54,453,773,938,689,784      | 233,353,324    |
| LEXUS         | 276      | 3,280,536,232  | 2,450,000,000 | 288,000,000   | 9,290,000,000  | 5,302,916,184,137,022,464   | 2,302,806,154  |
| MAZDA         | 258      | 561,794,574    | 550,000,000   | 68,000,000    | 1,050,000,000  | 28,150,926,507,405,060      | 167,782,378    |
| MITSUBISHI    | 164      | 494,975,610    | 482,500,000   | 138,000,000   | 1,069,000,000  | 24,315,201,855,454,136      | 155,933,325    |
| BMW           | 160      | 1,710,812,500  | 1,439,000,000 | 250,000,000   | 4,880,000,000  | 1,142,664,090,408,804,992   | 1,068,954,672  |
| HONDA         | 152      | 598,789,474    | 569,000,000   | 190,000,000   | 1,195,000,000  | 61,874,167,305,681,424      | 248,745,185    |
| PORSCHE       | 103      | 3,497,825,243  | 3,350,000,000 | 750,000,000   | 9,979,000,000  | 3,069,881,518,180,087,808   | 1,752,107,736  |
| LANDROVER     | 76       | 3,372,289,474  | 2,399,000,000 | 499,000,000   | 11,800,000,000 | 6,605,262,021,754,386,432   | 2,570,070,431  |
| MG            | 64       | 459,328,125    | 436,500,000   | 259,000,000   | 680,000,000    | 11,234,446,180,555,556      | 105,992,670    |
| AUDI          | 52       | 1,033,980,769  | 999,000,000   | 295,000,000   | 2,350,000,000  | 281,613,823,152,337,856     | 530,672,991    |
| VOLVO         | 43       | 1,638,837,209  | 1,568,000,000 | 999,000,000   | 2,999,000,000  | 189,943,901,439,645,632     | 435,825,540    |
| VOLKSWAGEN    | 39       | 1,421,948,718  | 1,879,000,000 | 170,000,000   | 2,379,000,000  | 546,342,470,985,155,200     | 739,149,830    |
| SUZUKI        | 33       | 425,848,485    | 399,000,000   | 200,000,000   | 789,000,000    | 24,955,007,575,757,576      | 157,971,540    |
| CHEVROLET     | 32       | 445,125,000    | 242,500,000   | 75,000,000    | 3,700,000,000  | 492,316,370,967,741,952     | 701,652,600    |
| NISSAN        | 28       | 424,035,714    | 417,500,000   | 230,000,000   | 650,000,000    | 13,642,776,455,026,456      | 116,802,296    |
| PEUGEOT       | 23       | 635,217,391    | 565,000,000   | 268,000,000   | 1,200,000,000  | 58,009,996,047,430,832      | 240,852,644    |
| BENTLEY       | 18       | 5,041,833,333  | 3,299,000,000 | 636,000,000   | 13,500,000,000 | 21,051,046,970,588,233,728  | 4,588,141,995  |
| MINI          | 15       | 1,431,533,333  | 1,550,000,000 | 688,000,000   | 2,579,000,000  | 249,273,552,380,952,384     | 499,273,024    |
| ROLLS ROYCE   | 11       | 10,139,545,455 | 3,996,000,000 | 3,580,000,000 | 33,999,000,000 | 136,765,001,472,727,269,386 | 11,694,656,963 |
| CADILLAC      | 10       | 2,915,900,000  | 2,780,000,000 | 2,550,000,000 | 3,290,000,000  | 104,319,211,111,111,104     | 322,984,847    |
| JAGUAR        | 10       | 731,800,000    | 759,000,000   | 576,000,000   | 890,000,000    | 10,361,288,888,888,888      | 101,790,416    |
| MASERATI      | 7        | 2,421,857,143  | 1,999,000,000 | 1,585,000,000 | 4,879,000,000  | 1,305,370,476,190,476,288   | 1,142,528,107  |
| JEEP          | 6        | 2,462,333,333  | 2,519,000,000 | 1,999,000,000 | 2,699,000,000  | 82,626,666,666,666,672      | 287,448,546    |
| INFINITI      | 4        | 771,750,000    | 679,000,000   | 530,000,000   | 1,199,000,000  | 86,304,250,000,000,000      | 293,775,850    |
| SMART         | 4        | 347,250,000    | 325,000,000   | 289,000,000   | 450,000,000    | 5,396,916,666,666,667       | 73,463,710     |
+---------------+----------+----------------+---------------+---------------+----------------+-----------------------------+----------------+

BANG 4. THONG KE GIA THEO HOP SO
+--------------+----------+---------------+-------------+------------+----------------+---------------------------+---------------+
| transmission | so_luong | trung_binh    | trung_vi    | nho_nhat   | lon_nhat       | phuong_sai                | do_lech_chuan |
+--------------+----------+---------------+-------------+------------+----------------+---------------------------+---------------+
| Automatic    | 4,194    | 1,317,226,276 | 750,000,000 | 75,000,000 | 33,999,000,000 | 2,746,428,020,573,437,952 | 1,657,235,053 |
| Manual       | 261      | 371,003,831   | 330,000,000 | 28,000,000 | 1,850,000,000  | 60,420,003,831,417,624    | 245,804,808   |
+--------------+----------+---------------+-------------+------------+----------------+---------------------------+---------------+

BANG 9. XAC SUAT CO BAN
+-----------------------+----------+----------+--------------+
| bien_co               | so_luong | xac_suat | xac_suat_pct |
+-----------------------+----------+----------+--------------+
| P(Automatic)          | 4,194    | 0.94     | 94.14%       |
| P(Manual)             | 261      | 0.06     | 5.86%        |
| P(CVT)                | 0        | 0.00     | 0%           |
| P(Gia cao >= Q75)     | 1,116    | 0.25     | 25.05%       |
| P(Mileage cao >= Q75) | 1,209    | 0.27     | 27.14%       |
| P(Xe moi 0-3 nam)     | 1,264    | 0.28     | 28.37%       |
| P(Xe tren 12 nam)     | 406      | 0.09     | 9.11%        |
+-----------------------+----------+----------+--------------+

BANG 10. P(HOP SO | NHOM TUOI XE)
+-------------+--------------+----------+-----------+----------+--------------+
| age_group   | transmission | so_luong | tong_nhom | xac_suat | xac_suat_pct |
+-------------+--------------+----------+-----------+----------+--------------+
| 0-3 nam     | Automatic    | 1,236    | 1,264     | 0.98     | 97.78%       |
| 0-3 nam     | Manual       | 28       | 1,264     | 0.02     | 2.22%        |
| 4-7 nam     | Automatic    | 1,726    | 1,796     | 0.96     | 96.1%        |
| 4-7 nam     | Manual       | 70       | 1,796     | 0.04     | 3.9%         |
| 8-12 nam    | Automatic    | 895      | 989       | 0.90     | 90.5%        |
| 8-12 nam    | Manual       | 94       | 989       | 0.10     | 9.5%         |
| Tren 12 nam | Automatic    | 337      | 406       | 0.83     | 83%          |
| Tren 12 nam | Manual       | 69       | 406       | 0.17     | 17%          |
+-------------+--------------+----------+-----------+----------+--------------+

BANG 12. P(GIA CAO | HOP SO)
+--------------+---------------+----------+-----------+----------+--------------+
| transmission | is_high_price | so_luong | tong_nhom | xac_suat | xac_suat_pct |
+--------------+---------------+----------+-----------+----------+--------------+
| Automatic    | FALSE         | 3,080    | 4,194     | 0.73     | 73.44%       |
| Automatic    | TRUE          | 1,114    | 4,194     | 0.27     | 26.56%       |
| Manual       | FALSE         | 259      | 261       | 0.99     | 99.23%       |
| Manual       | TRUE          | 2        | 261       | 0.01     | 0.77%        |
+--------------+---------------+----------+-----------+----------+--------------+

BANG 14. XAC SUAT KET HOP
+-------------+--------------+----------+------------------+----------------------+
| age_group   | transmission | so_luong | xac_suat_ket_hop | xac_suat_ket_hop_pct |
+-------------+--------------+----------+------------------+----------------------+
| 0-3 nam     | Automatic    | 1,236    | 0.28             | 27.74%               |
| 4-7 nam     | Automatic    | 1,726    | 0.39             | 38.74%               |
| 8-12 nam    | Automatic    | 895      | 0.20             | 20.09%               |
| Tren 12 nam | Automatic    | 337      | 0.08             | 7.56%                |
| 0-3 nam     | Manual       | 28       | 0.01             | 0.63%                |
| 4-7 nam     | Manual       | 70       | 0.02             | 1.57%                |
| 8-12 nam    | Manual       | 94       | 0.02             | 2.11%                |
| Tren 12 nam | Manual       | 69       | 0.02             | 1.55%                |
+-------------+--------------+----------+------------------+----------------------+

BANG 15. BAYES DON GIAN
+------------------------+------------------------+-------------------+----------+--------------+
| cong_thuc              | so_xe_automatic_va_moi | tong_xe_automatic | xac_suat | xac_suat_pct |
+------------------------+------------------------+-------------------+----------+--------------+
| P(0-3 nam | Automatic) | 1,236                  | 4,194             | 0.29     | 29.47%       |
+------------------------+------------------------+-------------------+----------+--------------+

BANG 16. KIEM DINH THONG KE
+------------------------------+--------------+---------+-----------------------------+
| kiem_dinh                    | thong_ke     | p_value | ket_luan                    |
+------------------------------+--------------+---------+-----------------------------+
| T-test: price ~ transmission | t = 31.7828  | 0       | Co khac biet gia trung binh |
| Chi-square: transmission ... | X2 = 158.077 | 0       | Co moi lien he thong ke     |
| Pearson correlation: pric... | r = -0.1592  | 0       | Co tuong quan thong ke      |
+------------------------------+--------------+---------+-----------------------------+
